5,10,15,20,25,30,35,40,45,50,55,60,65,70,75,80,85,90,95,100
1,2,3,4,5,6,10,12,13,15,10,20,30,40,50,60,70,80,90,100
1,2,3,4,4,5,6,7,8,9,10,11,12,13,14,15,16,17,18,19,20,21,22,23,24,25,26,27,28,29,30
1,1,1,1,2,2,3,3,4,4,50,35,10,11,12,13,14,15,16,17,18,19,20,21,22,23,34,56,78,99,2
1,2,3,4,4,5,6,7,8,9,10,11,12,13,14,15,16,17,18,19,20,21,22,23,24,25,26,27,28,29,30
2,4,4,4,7,6,3,3,4,4,50,35,10,22,22,93,14,10,16,17,18,19,40,21,22,23,74,56,78,19,20
1,2,3,4,4,5,6,7,8,9,10,11,12,13,14,15,16,17,18,19,20,21,22,23,24,25,26,27,28,29,30
5,1,1,1,5,5,3,3,4,4,50,35,10,11,12,131,114,15,161,107,08,49,120,222,22,28,30,56,78,89,12
1,2,3,4,4,5,6,7,8,9,10,11,12,13,14,15,16,17,18,19,20,21,22,23,24,25,26,27,28,29,30
5,5,7,8,2,2,3,3,4,4,50,35,18,19,10,167,10,11,80,37,28,59,10,21,22,23,34,56,28,19,22
1,2,3,4,4,5,6,7,8,9,10,11,12,13,14,15,16,17,18,19,20,21,22,23,24,25,26,27,28,29,30
0,1,11,1,2,21,31,3,4,4,50,35,30,1,22,53,24,55,26,47,38,19,40,71,12,29,314,86,09,90,42
1,2,3,4,4,5,6,7,8,9,10,11,12,13,14,15,16,17,18,19,20,21,22,23,24,25,26,27,28,29,30
1,1,1,2,2,2,3,3,3,4,30,54,17,13,16,13,14,25,16,17,28,29,20,21,02,13,314,516,48,29,26
1,2,3,4,4,5,6,7,8,9,10,11,12,13,14,15,16,17,18,19,20,21,22,23,24,25,26,27,28,29,30
1,1,1,11,2,12,3,13,4,14,50,35,110,111,102,23,74,95,36,97,48,99,60,21,32,53,34,26,98,19,28
1,2,3,4,4,5,6,7,8,9,10,11,12,13,14,15,16,17,18,19,20,21,22,23,24,25,26,27,28,29,30
1,2,2,1,2,2,31,31,42,42,50,35,10,91,22,13,14,15,16,17,18,19,20,20,22,23,34,16,71,99,87
23,31,29,44,53,38,63,85,89,82
92,57,49,68,60,43,67,84,87,72